step,dtw_distance,bbox_accuracy
10,inf,0.0
100,64.1763149093673,0.2
200,65.55015077485798,0.4444444444444444
300,55.62925414736924,0.4888888888888889
400,71.12852926735552,0.6444444444444445
500,61.34139849936628,0.4444444444444444
600,71.80843843089546,0.8222222222222222
700,64.0572064699479,0.8
800,75.47398393146983,0.8888888888888888
900,56.73282464110137,0.8666666666666667
1000,48.65334195263925,0.7111111111111111
1100,61.377937839514246,0.8888888888888888
1200,63.88962914373431,0.8444444444444444
1300,67.09363710835386,0.7777777777777778
1400,61.584093214703344,0.7555555555555555
1500,65.26043222644222,0.7555555555555555
1600,63.31102412172609,0.7111111111111111
1700,64.50361398313531,0.8888888888888888
1800,58.89427503664772,0.8
1900,41.90075414720905,0.5777777777777777
2000,60.24768973982916,0.8666666666666667
2100,55.445911519802344,0.9333333333333333
2200,58.57335374175167,0.8666666666666667
2300,67.47935793146512,0.8666666666666667
2400,59.091960436458535,0.7111111111111111
2500,60.35698746658833,0.7111111111111111
2600,59.71083390138485,0.8444444444444444
