step,loss
1,3.6962
2,3.7346
3,3.8406
4,3.567
5,3.9614
6,3.7611
7,3.8019
8,3.5973
9,3.6521
10,3.8495
11,3.5498
12,3.6718
13,3.5843
14,3.5738
15,3.9223
16,3.6225
17,3.6754
18,3.6359
19,3.5333
20,3.4267
21,3.7552
22,3.4183
23,3.3738
24,3.62
25,3.5249
26,3.6346
27,3.571
28,3.2698
29,3.2338
30,2.9744
31,2.995
32,3.2104
33,3.2685
34,3.014
35,2.9775
36,3.1165
37,3.1397
38,2.8296
39,2.8217
40,2.632
41,2.6853
42,2.6377
43,2.7128
44,2.7962
45,2.6358
46,2.6382
47,2.6753
48,2.3246
49,2.2296
50,2.2283
51,2.1117
52,1.9018
53,1.9019
54,1.781
55,1.7284
56,1.5355
57,1.5458
58,1.4528
59,1.442
60,1.3678
61,1.3183
62,1.2687
63,1.2299
64,1.2431
65,1.1988
66,1.1018
67,1.0586
68,1.0068
69,1.0453
70,1.0224
71,0.9509
72,0.9639
73,0.9183
74,0.933
75,0.8801
76,0.9178
77,0.8664
78,0.8391
79,0.8448
80,0.8886
81,0.8643
82,0.8235
83,0.7582
84,0.8412
85,0.767
86,0.8564
87,0.7824
88,0.8367
89,0.7997
90,0.8369
91,0.824
92,0.7935
93,0.7678
94,0.7252
95,0.8003
96,0.8412
97,0.7506
98,0.7657
99,0.7489
100,0.7932
101,0.8087
102,0.7829
103,0.8189
104,0.6766
105,0.8137
106,0.7476
107,0.7495
108,0.769
109,0.8143
110,0.7838
111,0.8109
112,0.7785
113,0.7294
114,0.7488
115,0.7369
116,0.7698
117,0.8064
118,0.769
119,0.7871
120,0.7582
121,0.7334
122,0.7759
123,0.7446
124,0.6879
125,0.8361
126,0.7797
127,0.7552
128,0.7346
129,0.8124
130,0.7876
131,0.7378
132,0.7824
133,0.7519
134,0.7636
135,0.6991
136,0.7336
137,0.7777
138,0.7078
139,0.7551
140,0.7031
141,0.6787
142,0.7298
143,0.7055
144,0.7436
145,0.7603
146,0.746
147,0.7802
148,0.7506
149,0.7267
150,0.7339
151,0.7432
152,0.7616
153,0.7264
154,0.787
155,0.7754
156,0.7067
157,0.76
158,0.7176
159,0.759
160,0.7448
161,0.6963
162,0.7357
163,0.6887
164,0.7669
165,0.7031
166,0.7508
167,0.7655
168,0.7119
169,0.7984
170,0.7113
171,0.7363
172,0.7592
173,0.7766
174,0.7256
175,0.7227
176,0.7455
177,0.6862
178,0.742
179,0.7484
180,0.7845
181,0.711
182,0.7373
183,0.7558
184,0.7716
185,0.7298
186,0.7049
187,0.7077
188,0.759
189,0.7588
190,0.7422
191,0.7395
192,0.7204
193,0.7367
194,0.7391
195,0.6378
196,0.6492
197,0.7237
198,0.7467
199,0.6586
200,0.6789
201,0.7145
202,0.7581
203,0.7216
204,0.7144
205,0.6668
206,0.688
207,0.6991
208,0.7651
209,0.7504
210,0.6686
211,0.6748
212,0.7337
213,0.6552
214,0.7596
215,0.7386
216,0.7397
217,0.7144
218,0.6875
219,0.7886
220,0.7259
221,0.7503
222,0.7085
223,0.8047
224,0.6916
225,0.7505
226,0.7691
227,0.7684
228,0.7213
229,0.6781
230,0.7432
231,0.724
232,0.7353
233,0.7445
234,0.6869
235,0.6999
236,0.7704
237,0.7566
238,0.7216
239,0.7434
240,0.7049
241,0.6813
242,0.6956
243,0.7253
244,0.6531
245,0.636
246,0.7212
247,0.8034
248,0.6931
249,0.8131
250,0.6625
251,0.7459
252,0.6667
253,0.7021
254,0.6508
255,0.7243
256,0.7134
257,0.7955
258,0.7652
259,0.6661
260,0.6707
261,0.6387
262,0.631
263,0.6985
264,0.7003
265,0.7052
266,0.7627
267,0.7239
268,0.7076
269,0.7883
270,0.7526
271,0.7372
272,0.746
273,0.6857
274,0.7196
275,0.7002
276,0.7074
277,0.6941
278,0.7478
279,0.7171
280,0.7129
281,0.7614
282,0.6528
283,0.6551
284,0.6653
285,0.6859
286,0.7642
287,0.7505
288,0.7026
289,0.6941
290,0.7243
291,0.688
292,0.6745
293,0.663
294,0.703
295,0.6308
296,0.7053
297,0.6288
298,0.7049
299,0.671
300,0.6622
301,0.7317
302,0.7146
303,0.7335
304,0.7716
305,0.6805
306,0.6892
307,0.7429
308,0.6327
309,0.7379
310,0.709
311,0.7263
312,0.7099
313,0.7622
314,0.7423
315,0.5992
316,0.6922
317,0.7025
318,0.7311
319,0.7018
320,0.6914
321,0.7096
322,0.7203
323,0.7391
324,0.7619
325,0.6967
326,0.7137
327,0.6517
328,0.7213
329,0.7043
330,0.7759
331,0.7002
332,0.7479
333,0.7217
334,0.7541
335,0.7429
336,0.6388
337,0.6942
338,0.6738
339,0.6924
340,0.7771
341,0.7345
342,0.737
343,0.7429
344,0.7276
345,0.7142
346,0.6959
347,0.7285
348,0.7775
349,0.6761
350,0.7141
351,0.7274
352,0.6903
353,0.6812
354,0.6868
355,0.6679
356,0.7193
357,0.6809
358,0.6955
359,0.7188
360,0.6957
361,0.7331
362,0.7445
363,0.7701
364,0.6888
365,0.6985
366,0.7332
367,0.7165
368,0.6626
369,0.7481
370,0.6891
371,0.6687
372,0.712
373,0.7306
374,0.7372
375,0.7126
376,0.7092
377,0.7948
378,0.7581
379,0.6435
380,0.7119
381,0.7232
382,0.6822
383,0.7241
384,0.6798
385,0.7097
386,0.756
387,0.6684
388,0.7117
389,0.685
390,0.6693
391,0.6848
392,0.6823
393,0.7124
394,0.7388
395,0.6488
396,0.7023
397,0.705
398,0.7261
399,0.7249
400,0.7542
401,0.712
402,0.7004
403,0.6145
404,0.7181
405,0.6893
406,0.7492
407,0.6817
408,0.7407
409,0.6392
410,0.7147
411,0.6736
412,0.7234
413,0.687
414,0.7385
415,0.6772
416,0.7144
417,0.6853
418,0.7208
419,0.6906
420,0.7463
421,0.7088
422,0.7216
423,0.6983
424,0.6764
425,0.7389
426,0.7449
427,0.7304
428,0.7128
429,0.7096
430,0.6934
431,0.7265
432,0.686
433,0.7242
434,0.719
435,0.721
436,0.7692
437,0.6903
438,0.7395
439,0.7185
440,0.715
441,0.7321
442,0.7151
443,0.6987
444,0.6914
445,0.6609
446,0.7599
447,0.6829
448,0.639
449,0.7037
450,0.7406
451,0.7484
452,0.7118
453,0.6927
454,0.7194
455,0.7637
456,0.6736
457,0.7511
458,0.7305
459,0.6893
460,0.6894
461,0.6806
462,0.6346
463,0.7536
464,0.5907
465,0.7194
466,0.7125
467,0.7235
468,0.7073
469,0.7416
470,0.6581
471,0.685
472,0.6819
473,0.6469
474,0.7424
475,0.7566
476,0.656
477,0.6908
478,0.6763
479,0.6695
480,0.7606
481,0.7383
482,0.7213
483,0.7116
484,0.7291
485,0.718
486,0.697
487,0.7384
488,0.6739
489,0.7477
490,0.6707
491,0.7273
492,0.7106
493,0.6946
494,0.6692
495,0.6243
496,0.6981
497,0.7165
498,0.6739
499,0.6422
500,0.6924
501,0.757
502,0.6843
503,0.711
504,0.7126
505,0.68
506,0.7058
507,0.6815
508,0.7036
509,0.6789
510,0.7015
511,0.7784
512,0.683
513,0.6206
514,0.7718
515,0.7303
516,0.7456
517,0.7486
518,0.7043
519,0.6075
520,0.7211
521,0.7451
522,0.6501
523,0.6809
524,0.6185
525,0.7083
526,0.6961
527,0.7206
528,0.7433
529,0.6969
530,0.7124
531,0.6963
532,0.6804
533,0.6316
534,0.7108
535,0.709
536,0.7363
537,0.6912
538,0.6744
539,0.6583
540,0.7345
541,0.6944
542,0.6906
543,0.7147
544,0.7312
545,0.7079
546,0.694
547,0.7151
548,0.6656
549,0.7103
550,0.6565
551,0.7074
552,0.7285
553,0.7072
554,0.6902
555,0.7668
556,0.7157
557,0.7105
558,0.7648
559,0.6327
560,0.6928
561,0.6672
562,0.7453
563,0.6736
564,0.687
565,0.7212
566,0.71
567,0.7221
568,0.7143
569,0.6983
570,0.6974
571,0.7033
572,0.6706
573,0.6763
574,0.7124
575,0.7104
576,0.7357
577,0.6903
578,0.712
579,0.6758
580,0.7096
581,0.6726
582,0.7236
583,0.6585
584,0.7199
585,0.6765
586,0.7322
587,0.7668
588,0.7041
589,0.6283
590,0.718
591,0.7565
592,0.6821
593,0.6689
594,0.7549
595,0.6888
596,0.7375
597,0.7336
598,0.7234
599,0.6817
600,0.7074
601,0.7199
602,0.7439
603,0.6909
604,0.7266
605,0.7468
606,0.6936
607,0.7206
608,0.6949
609,0.6891
610,0.6393
611,0.6958
612,0.6575
613,0.6794
614,0.6258
615,0.7426
616,0.703
617,0.6712
618,0.6442
619,0.683
620,0.7309
621,0.7773
622,0.7043
623,0.6847
624,0.695
625,0.6434
626,0.6642
627,0.6616
628,0.7257
629,0.7143
630,0.6608
631,0.6766
632,0.6766
633,0.6678
634,0.6706
635,0.6282
636,0.6996
637,0.7181
638,0.6741
639,0.7169
640,0.6957
641,0.7342
642,0.6825
643,0.6947
644,0.6693
645,0.6788
646,0.6992
647,0.7112
648,0.6953
649,0.7538
650,0.7437
651,0.7094
652,0.7126
653,0.6678
654,0.6383
655,0.6585
656,0.6634
657,0.7374
658,0.7068
659,0.7185
660,0.7317
661,0.6278
662,0.7243
663,0.703
664,0.679
665,0.6648
666,0.6927
667,0.6889
668,0.6955
669,0.6073
670,0.6872
671,0.7409
672,0.6316
673,0.724
674,0.6835
675,0.6803
676,0.7681
677,0.6816
678,0.7254
679,0.7606
680,0.6991
681,0.7081
682,0.6768
683,0.7145
684,0.6722
685,0.6921
686,0.7171
687,0.6899
688,0.6967
689,0.6834
690,0.6813
691,0.6688
692,0.7086
693,0.6163
694,0.7158
695,0.6667
696,0.677
697,0.7199
698,0.666
699,0.7377
700,0.6959
701,0.7055
702,0.7509
703,0.7066
704,0.7014
705,0.7156
706,0.7393
707,0.7786
708,0.6859
709,0.6277
710,0.6472
711,0.7098
712,0.7018
713,0.6479
714,0.7061
715,0.6815
716,0.7621
717,0.7236
718,0.7165
719,0.7581
720,0.6743
721,0.6967
722,0.7541
723,0.7051
724,0.6406
725,0.7089
726,0.715
727,0.7045
728,0.7262
729,0.642
730,0.7081
731,0.6968
732,0.7122
733,0.7515
734,0.6305
735,0.6907
736,0.6765
737,0.6943
738,0.716
739,0.7253
740,0.7442
741,0.6586
742,0.7687
743,0.7733
744,0.682
745,0.7028
746,0.7008
747,0.6825
748,0.7729
749,0.6373
750,0.7268
751,0.6416
752,0.6656
753,0.712
754,0.702
755,0.7154
756,0.6803
757,0.7577
758,0.7211
759,0.7592
760,0.7089
761,0.7116
762,0.6989
763,0.6995
764,0.696
765,0.6379
766,0.6332
767,0.6669
768,0.6915
769,0.6907
770,0.6712
771,0.7002
772,0.6996
773,0.7119
774,0.6611
775,0.6614
776,0.6598
777,0.7029
778,0.7067
779,0.6772
780,0.6845
781,0.7439
782,0.6995
783,0.6131
784,0.6446
785,0.7215
786,0.6746
787,0.6964
788,0.6376
789,0.6488
790,0.7283
791,0.7116
792,0.7634
793,0.7109
794,0.7075
795,0.6625
796,0.7336
797,0.6604
798,0.7363
799,0.6641
800,0.7026
801,0.712
802,0.7294
803,0.6965
804,0.6684
805,0.6641
806,0.7004
807,0.6919
808,0.7233
809,0.7714
810,0.765
811,0.7269
812,0.6515
813,0.7008
814,0.7438
815,0.6503
816,0.7752
817,0.767
818,0.6229
819,0.6888
820,0.7544
821,0.7243
822,0.6462
823,0.7333
824,0.7239
825,0.7386
826,0.68
827,0.7055
828,0.7192
829,0.692
830,0.6787
831,0.6752
832,0.6959
833,0.6525
834,0.6465
835,0.6711
836,0.6736
837,0.726
838,0.6671
839,0.5935
840,0.7441
841,0.6669
842,0.6971
843,0.6626
844,0.7021
845,0.7431
846,0.6151
847,0.6734
848,0.6642
849,0.7555
850,0.721
851,0.7055
852,0.6905
853,0.6244
854,0.6503
855,0.6719
856,0.6686
857,0.7339
858,0.6341
859,0.6184
860,0.78
861,0.6964
862,0.7296
863,0.7582
864,0.6922
865,0.7269
866,0.7004
867,0.6785
868,0.6808
869,0.7076
870,0.6834
871,0.6187
872,0.7436
873,0.6584
874,0.6473
875,0.7182
876,0.7232
877,0.6856
878,0.687
879,0.6675
880,0.6792
881,0.7212
882,0.7293
883,0.7042
884,0.6597
885,0.739
886,0.6858
887,0.7486
888,0.7737
889,0.7103
890,0.7525
891,0.688
892,0.6964
893,0.7201
894,0.7397
895,0.6912
896,0.6083
897,0.732
898,0.7326
899,0.7143
900,0.6625
901,0.6745
902,0.6737
903,0.6588
904,0.7748
905,0.6546
906,0.7435
907,0.7115
908,0.6762
909,0.6929
910,0.6615
911,0.7193
912,0.6058
913,0.6643
914,0.7335
915,0.7003
916,0.6789
917,0.6193
918,0.6269
919,0.6787
920,0.6237
921,0.726
922,0.7111
923,0.7307
924,0.7247
925,0.6919
926,0.6959
927,0.7245
928,0.7045
929,0.6425
930,0.6761
931,0.7304
932,0.6953
933,0.6743
934,0.6937
935,0.7209
936,0.6833
937,0.6669
938,0.6942
939,0.7012
940,0.6315
941,0.7211
942,0.7411
943,0.7345
944,0.6881
945,0.7261
946,0.6895
947,0.6603
948,0.6673
949,0.6912
950,0.6804
951,0.6813
952,0.673
953,0.672
954,0.7002
955,0.6411
956,0.7292
957,0.6172
958,0.6763
959,0.7313
960,0.729
961,0.6394
962,0.6824
963,0.7264
964,0.7224
965,0.6935
966,0.6923
967,0.725
968,0.7084
969,0.7084
970,0.7193
971,0.6601
972,0.6901
973,0.6399
974,0.6707
975,0.7101
976,0.7325
977,0.6782
978,0.6903
979,0.6358
980,0.6172
981,0.7051
982,0.6967
983,0.6751
984,0.6703
985,0.7039
986,0.7089
987,0.7282
988,0.6798
989,0.7109
990,0.681
991,0.6669
992,0.6951
993,0.6951
994,0.6905
995,0.7311
996,0.6659
997,0.6687
998,0.7243
999,0.691
1000,0.706
1001,0.6832
1002,0.691
1003,0.6709
1004,0.6335
1005,0.7078
1006,0.6069
1007,0.7012
1008,0.6242
1009,0.6687
1010,0.6931
1011,0.7086
1012,0.7477
1013,0.6821
1014,0.7483
1015,0.7287
1016,0.6852
1017,0.6944
1018,0.6982
1019,0.712
1020,0.6893
1021,0.6946
1022,0.6639
1023,0.7016
1024,0.7305
1025,0.7322
1026,0.6892
1027,0.7386
1028,0.7251
1029,0.6693
1030,0.6861
1031,0.7325
1032,0.6511
1033,0.7101
1034,0.6538
1035,0.7323
1036,0.6331
1037,0.66
1038,0.6719
1039,0.6639
1040,0.685
1041,0.7069
1042,0.5991
1043,0.6972
1044,0.7174
1045,0.6873
1046,0.6359
1047,0.719
1048,0.6493
1049,0.7121
1050,0.6403
1051,0.6837
1052,0.7094
1053,0.7387
1054,0.6469
1055,0.7376
1056,0.7487
1057,0.7158
1058,0.6723
1059,0.7267
1060,0.7
1061,0.7196
1062,0.6703
1063,0.6857
1064,0.6708
1065,0.7163
1066,0.6453
1067,0.6593
1068,0.6876
1069,0.7136
1070,0.7354
1071,0.6981
1072,0.7189
1073,0.7602
1074,0.6608
1075,0.6459
1076,0.6711
1077,0.7604
1078,0.6977
1079,0.6623
1080,0.7355
1081,0.6386
1082,0.7099
1083,0.6637
1084,0.6745
1085,0.6702
1086,0.7643
1087,0.6581
1088,0.72
1089,0.6942
1090,0.6467
1091,0.5801
1092,0.6892
1093,0.6779
1094,0.6733
1095,0.6949
1096,0.7209
1097,0.7153
1098,0.6648
1099,0.6373
1100,0.7434
1101,0.6851
1102,0.6875
1103,0.6757
1104,0.7162
1105,0.5736
1106,0.7044
1107,0.6657
1108,0.6804
1109,0.7104
1110,0.7167
1111,0.7101
1112,0.7004
1113,0.6915
1114,0.7166
1115,0.7089
1116,0.6663
1117,0.7135
1118,0.6786
1119,0.6388
1120,0.6633
1121,0.6988
1122,0.693
1123,0.7344
1124,0.705
1125,0.6237
1126,0.6837
1127,0.6412
1128,0.6685
1129,0.737
1130,0.6464
1131,0.6877
1132,0.679
1133,0.7529
1134,0.7336
1135,0.6658
1136,0.7041
1137,0.6917
1138,0.6965
1139,0.7225
1140,0.7148
1141,0.7693
1142,0.7162
1143,0.661
1144,0.6442
1145,0.7051
1146,0.7068
1147,0.6968
1148,0.6979
1149,0.6861
1150,0.7608
1151,0.6121
1152,0.6611
1153,0.7195
1154,0.6957
1155,0.6964
1156,0.7597
1157,0.7007
1158,0.6947
1159,0.7021
1160,0.6958
1161,0.648
1162,0.69
1163,0.6662
1164,0.7365
1165,0.6669
1166,0.6917
1167,0.6935
1168,0.7385
1169,0.5833
1170,0.718
1171,0.6352
1172,0.6445
1173,0.6342
1174,0.6465
1175,0.6596
1176,0.7073
1177,0.7496
1178,0.6967
1179,0.7115
1180,0.6631
1181,0.6498
1182,0.7107
1183,0.699
1184,0.6704
1185,0.6612
1186,0.6449
1187,0.6924
1188,0.722
1189,0.7279
1190,0.7363
1191,0.7148
1192,0.6809
1193,0.7126
1194,0.7053
1195,0.6966
1196,0.6152
1197,0.7242
1198,0.7545
1199,0.6723
1200,0.6652
1201,0.6629
1202,0.7641
1203,0.7523
1204,0.699
1205,0.6999
1206,0.6928
1207,0.7005
1208,0.741
1209,0.6025
1210,0.7067
1211,0.7185
1212,0.6816
1213,0.6376
1214,0.6558
1215,0.7052
1216,0.7288
1217,0.7203
1218,0.6866
1219,0.6846
1220,0.7517
1221,0.6583
1222,0.7129
1223,0.7235
1224,0.7317
1225,0.7123
1226,0.6401
1227,0.7519
1228,0.6812
1229,0.6772
1230,0.6418
1231,0.7089
1232,0.7235
1233,0.6203
1234,0.6585
1235,0.6613
1236,0.6773
1237,0.7479
1238,0.697
1239,0.6379
1240,0.7153
1241,0.6446
1242,0.7087
1243,0.6906
1244,0.6771
1245,0.7088
1246,0.6949
1247,0.7094
1248,0.6663
1249,0.655
1250,0.687
1251,0.6963
1252,0.709
1253,0.758
1254,0.6749
1255,0.6805
1256,0.7032
1257,0.7175
1258,0.6881
1259,0.7158
1260,0.6614
1261,0.6819
1262,0.6813
1263,0.7132
1264,0.6688
1265,0.6704
1266,0.7143
1267,0.6272
1268,0.6647
1269,0.6814
1270,0.7749
1271,0.6826
1272,0.6238
1273,0.6097
1274,0.6854
1275,0.7159
1276,0.6464
1277,0.661
1278,0.7199
1279,0.7157
1280,0.6717
1281,0.7604
1282,0.6876
1283,0.678
1284,0.7296
1285,0.6852
1286,0.7093
1287,0.6138
1288,0.6089
1289,0.6176
1290,0.7164
1291,0.7034
1292,0.7165
1293,0.751
1294,0.7047
1295,0.7115
1296,0.7231
1297,0.6997
1298,0.7092
1299,0.6935
1300,0.6983
1301,0.6521
1302,0.6688
1303,0.7574
1304,0.7166
1305,0.7345
1306,0.6958
1307,0.6789
1308,0.756
1309,0.6357
1310,0.7102
1311,0.6242
1312,0.6452
1313,0.6908
1314,0.6893
1315,0.6773
1316,0.6749
1317,0.7183
1318,0.6594
1319,0.6585
1320,0.6892
1321,0.7048
1322,0.6954
1323,0.6888
1324,0.6938
1325,0.6947
1326,0.7595
1327,0.711
1328,0.6775
1329,0.6967
1330,0.6768
1331,0.6602
1332,0.6876
1333,0.6317
1334,0.7044
1335,0.7093
1336,0.6237
1337,0.6232
1338,0.7073
1339,0.7423
1340,0.7189
1341,0.6184
1342,0.6235
1343,0.7297
1344,0.7021
1345,0.6262
1346,0.6391
1347,0.662
1348,0.6805
1349,0.7107
1350,0.7428
1351,0.7164
1352,0.7263
1353,0.6908
1354,0.7036
1355,0.6981
1356,0.7021
1357,0.7026
1358,0.654
1359,0.7421
1360,0.6293
1361,0.6669
1362,0.6722
1363,0.6789
1364,0.7342
1365,0.6731
1366,0.6721
1367,0.6317
1368,0.6395
1369,0.7038
1370,0.6306
1371,0.694
1372,0.7005
1373,0.7451
1374,0.6956
1375,0.6731
1376,0.673
1377,0.7041
1378,0.7169
1379,0.6953
1380,0.701
1381,0.7137
1382,0.6323
1383,0.711
1384,0.6626
1385,0.7162
1386,0.6828
1387,0.6588
1388,0.7125
1389,0.6883
1390,0.6071
1391,0.7271
1392,0.6654
1393,0.6953
1394,0.5868
1395,0.6549
1396,0.7274
1397,0.7324
1398,0.729
1399,0.6382
1400,0.7436
1401,0.7301
1402,0.7077
1403,0.6581
1404,0.6561
1405,0.7139
1406,0.6203
1407,0.7174
1408,0.7068
1409,0.7431
1410,0.6552
1411,0.6927
1412,0.6903
1413,0.7055
1414,0.7037
1415,0.6897
1416,0.6759
1417,0.6438
1418,0.7392
1419,0.6692
1420,0.6723
1421,0.7053
1422,0.6751
1423,0.7089
1424,0.7053
1425,0.7074
1426,0.6934
1427,0.702
1428,0.6858
1429,0.6698
1430,0.676
1431,0.7321
1432,0.7502
1433,0.7155
1434,0.7316
1435,0.6339
1436,0.6013
1437,0.7278
1438,0.7116
1439,0.7183
1440,0.6893
1441,0.6867
1442,0.7221
1443,0.7349
1444,0.6713
1445,0.6616
1446,0.6967
1447,0.7158
1448,0.6364
1449,0.7187
1450,0.6892
1451,0.7024
1452,0.6096
1453,0.6304
1454,0.6964
1455,0.7201
1456,0.6663
1457,0.6734
1458,0.6711
1459,0.6015
1460,0.6727
1461,0.6462
1462,0.731
1463,0.7162
1464,0.6416
1465,0.6759
1466,0.6822
1467,0.7054
1468,0.6766
1469,0.709
1470,0.7242
1471,0.6846
1472,0.5992
1473,0.6149
1474,0.6844
1475,0.6759
1476,0.7016
1477,0.6776
1478,0.7122
1479,0.7169
1480,0.7316
1481,0.7102
1482,0.6811
1483,0.6486
1484,0.6941
1485,0.7641
1486,0.6418
1487,0.7149
1488,0.6492
1489,0.6489
1490,0.6186
1491,0.7138
1492,0.7616
1493,0.7632
1494,0.6549
1495,0.6997
1496,0.6539
1497,0.6669
1498,0.683
1499,0.6183
1500,0.6841
1501,0.69
1502,0.6831
1503,0.7204
1504,0.7055
1505,0.6522
1506,0.6905
1507,0.6864
1508,0.6918
1509,0.6556
1510,0.6723
1511,0.7574
1512,0.723
1513,0.6345
1514,0.6816
1515,0.6881
1516,0.7208
1517,0.6641
1518,0.7241
1519,0.7297
1520,0.7016
1521,0.7441
1522,0.7523
1523,0.6653
1524,0.7323
1525,0.6848
1526,0.6365
1527,0.6898
1528,0.7756
1529,0.6899
1530,0.6685
1531,0.6916
1532,0.6035
1533,0.6863
1534,0.7017
1535,0.7384
1536,0.7055
1537,0.7003
1538,0.7051
1539,0.7041
1540,0.608
1541,0.6356
1542,0.7208
1543,0.7641
1544,0.7141
1545,0.676
1546,0.7136
1547,0.6474
1548,0.6987
1549,0.7226
1550,0.6593
1551,0.64
1552,0.704
1553,0.7165
1554,0.7132
1555,0.6637
1556,0.5899
1557,0.7265
1558,0.6465
1559,0.6907
1560,0.7249
1561,0.6949
1562,0.7098
1563,0.6899
1564,0.7041
1565,0.6817
1566,0.708
1567,0.7207
1568,0.6316
1569,0.6855
1570,0.7161
1571,0.7083
1572,0.6754
1573,0.708
1574,0.7015
1575,0.6847
1576,0.7078
1577,0.6812
1578,0.6829
1579,0.6745
1580,0.5914
1581,0.6606
1582,0.6491
1583,0.716
1584,0.7067
1585,0.6896
1586,0.6845
1587,0.7459
1588,0.6424
1589,0.6752
1590,0.6958
1591,0.6615
1592,0.6409
1593,0.7293
1594,0.6732
1595,0.6423
1596,0.7233
1597,0.6985
1598,0.6934
1599,0.5988
1600,0.7142
1601,0.7475
1602,0.6871
1603,0.72
1604,0.6629
1605,0.6827
1606,0.6085
1607,0.7015
1608,0.6808
1609,0.6603
1610,0.6926
1611,0.7027
1612,0.7244
1613,0.7181
1614,0.6955
1615,0.7172
1616,0.7177
1617,0.6819
1618,0.7367
1619,0.6613
1620,0.6719
1621,0.743
1622,0.7176
1623,0.6829
1624,0.745
1625,0.6558
1626,0.7145
1627,0.6507
1628,0.739
1629,0.7562
1630,0.6974
1631,0.6736
1632,0.7109
1633,0.6832
1634,0.6912
1635,0.7368
1636,0.7044
1637,0.675
1638,0.7625
1639,0.6913
1640,0.6987
1641,0.7089
1642,0.6588
1643,0.6424
1644,0.6915
1645,0.6417
1646,0.6671
1647,0.6386
1648,0.666
1649,0.6717
1650,0.6693
1651,0.7015
1652,0.7352
1653,0.6069
1654,0.7181
1655,0.6786
1656,0.6881
1657,0.7302
1658,0.7436
1659,0.6515
1660,0.6951
1661,0.6672
1662,0.7325
1663,0.6694
1664,0.7361
1665,0.6595
1666,0.6531
1667,0.7111
1668,0.709
1669,0.6495
1670,0.6709
1671,0.6093
1672,0.6737
1673,0.7188
1674,0.7271
1675,0.627
1676,0.7034
1677,0.6654
1678,0.7145
1679,0.7004
1680,0.6147
1681,0.6664
1682,0.6507
1683,0.705
1684,0.7171
1685,0.6673
1686,0.6733
1687,0.6582
1688,0.6971
1689,0.7087
1690,0.6619
1691,0.7206
1692,0.7033
1693,0.6628
1694,0.6655
1695,0.6799
1696,0.6907
1697,0.7136
1698,0.6116
1699,0.6698
1700,0.6823
1701,0.7109
1702,0.7597
1703,0.716
1704,0.7292
1705,0.7149
1706,0.6687
1707,0.6341
1708,0.6482
1709,0.7193
1710,0.7281
1711,0.701
1712,0.6619
1713,0.6733
1714,0.6921
1715,0.6917
1716,0.7137
1717,0.664
1718,0.7154
1719,0.6049
1720,0.7134
1721,0.7517
1722,0.6277
1723,0.7254
1724,0.7043
1725,0.6773
1726,0.659
1727,0.7596
1728,0.6888
1729,0.6798
1730,0.6978
1731,0.7107
1732,0.6861
1733,0.711
1734,0.6715
1735,0.6567
1736,0.6596
1737,0.712
1738,0.6948
1739,0.6685
1740,0.6654
1741,0.7109
1742,0.6692
1743,0.712
1744,0.7004
1745,0.6545
1746,0.684
1747,0.7342
1748,0.6482
1749,0.6695
1750,0.6364
1751,0.7107
1752,0.6834
1753,0.6709
1754,0.6855
1755,0.6684
1756,0.695
1757,0.691
1758,0.7331
1759,0.6826
1760,0.7023
1761,0.7076
1762,0.6338
1763,0.7254
1764,0.6897
1765,0.7349
1766,0.7256
1767,0.7013
1768,0.7184
1769,0.6926
1770,0.6635
1771,0.645
1772,0.7235
1773,0.7628
1774,0.6666
1775,0.7354
1776,0.7083
1777,0.6881
1778,0.6425
1779,0.7054
1780,0.665
1781,0.6587
1782,0.6774
1783,0.7142
1784,0.6581
1785,0.6879
1786,0.6595
1787,0.7475
1788,0.699
1789,0.7383
1790,0.6457
1791,0.6884
1792,0.7823
1793,0.6647
1794,0.7717
1795,0.6731
1796,0.647
1797,0.72
1798,0.6723
1799,0.6902
1800,0.6246
1801,0.6504
1802,0.6244
1803,0.6294
1804,0.7009
1805,0.699
1806,0.7435
1807,0.6664
1808,0.7537
1809,0.7119
1810,0.6535
1811,0.6861
1812,0.5945
1813,0.6227
1814,0.7022
1815,0.6953
1816,0.7125
1817,0.701
1818,0.7204
1819,0.7348
1820,0.7378
1821,0.6793
1822,0.6726
1823,0.7017
1824,0.6739
1825,0.6677
1826,0.6786
1827,0.6923
1828,0.7277
1829,0.6904
1830,0.6857
1831,0.6871
1832,0.6981
1833,0.6872
1834,0.7473
1835,0.6134
1836,0.681
1837,0.6782
1838,0.7065
1839,0.6888
1840,0.6645
1841,0.6332
1842,0.722
1843,0.7682
1844,0.7438
1845,0.6386
1846,0.665
1847,0.6674
1848,0.7515
1849,0.7193
1850,0.5568
1851,0.6301
1852,0.6011
1853,0.6924
1854,0.6409
1855,0.7622
1856,0.6851
1857,0.6778
1858,0.6391
1859,0.5991
1860,0.6646
1861,0.6943
1862,0.6867
1863,0.6449
1864,0.7161
1865,0.6736
1866,0.7198
1867,0.7183
1868,0.7294
1869,0.7496
1870,0.7394
1871,0.6229
1872,0.7667
1873,0.695
1874,0.6924
1875,0.6623
1876,0.698
1877,0.6867
1878,0.6422
1879,0.7472
1880,0.7215
1881,0.6901
1882,0.6628
1883,0.713
1884,0.6597
1885,0.6987
1886,0.7066
1887,0.7015
1888,0.7181
1889,0.6799
1890,0.6515
1891,0.7353
1892,0.6812
1893,0.6742
1894,0.6695
1895,0.6789
1896,0.7314
1897,0.7258
1898,0.6665
1899,0.6695
1900,0.6331
1901,0.5868
1902,0.6695
1903,0.7301
1904,0.732
1905,0.6886
1906,0.6684
1907,0.7055
1908,0.6694
1909,0.7051
1910,0.7262
1911,0.7141
1912,0.6354
1913,0.6502
1914,0.6721
1915,0.6622
1916,0.6969
1917,0.6559
1918,0.627
1919,0.5917
1920,0.6855
1921,0.6501
1922,0.6979
1923,0.7002
1924,0.706
1925,0.6749
1926,0.6977
1927,0.7255
1928,0.729
1929,0.7025
1930,0.6941
1931,0.6292
1932,0.6728
1933,0.7351
1934,0.664
1935,0.7449
1936,0.7111
1937,0.7234
1938,0.6378
1939,0.6698
1940,0.6671
1941,0.6915
1942,0.7373
1943,0.6274
1944,0.6869
1945,0.6831
1946,0.7111
1947,0.7035
1948,0.5853
1949,0.6726
1950,0.7016
1951,0.7073
1952,0.6821
1953,0.678
1954,0.7289
1955,0.655
1956,0.6875
1957,0.701
1958,0.6675
1959,0.7152
1960,0.6801
1961,0.66
1962,0.6852
1963,0.7672
1964,0.6597
1965,0.6633
1966,0.6138
1967,0.6763
1968,0.6833
1969,0.6756
1970,0.6715
1971,0.6522
1972,0.6968
1973,0.7204
1974,0.715
1975,0.6529
1976,0.6809
1977,0.5962
1978,0.6697
1979,0.6691
1980,0.6238
1981,0.6688
1982,0.5753
1983,0.7338
1984,0.6354
1985,0.7368
1986,0.7136
1987,0.6608
1988,0.7184
1989,0.6512
1990,0.5735
1991,0.6676
1992,0.7683
1993,0.7323
1994,0.7033
1995,0.6715
1996,0.6879
1997,0.7379
1998,0.6661
1999,0.7021
2000,0.6913
2001,0.6765
2002,0.7465
2003,0.6466
2004,0.6399
2005,0.6813
2006,0.7327
2007,0.7116
2008,0.7486
2009,0.6734
2010,0.6408
2011,0.7235
2012,0.7311
2013,0.7541
2014,0.7079
2015,0.7105
2016,0.7151
2017,0.6996
2018,0.6136
2019,0.6644
2020,0.6087
2021,0.6827
2022,0.7081
2023,0.675
2024,0.6056
2025,0.6561
2026,0.6625
2027,0.693
2028,0.6887
2029,0.6755
2030,0.7103
2031,0.6515
2032,0.6675
2033,0.6612
2034,0.7384
2035,0.7076
2036,0.7004
2037,0.7332
2038,0.6497
2039,0.612
2040,0.6948
2041,0.7531
2042,0.7439
2043,0.6422
2044,0.6563
2045,0.6989
2046,0.6847
2047,0.757
2048,0.713
2049,0.6745
2050,0.6402
2051,0.6876
2052,0.6845
2053,0.7609
2054,0.7012
2055,0.6955
2056,0.6642
2057,0.6827
2058,0.6469
2059,0.6857
2060,0.6923
2061,0.6967
2062,0.729
2063,0.6972
2064,0.6431
2065,0.6535
2066,0.7598
2067,0.709
2068,0.6845
2069,0.7092
2070,0.6942
2071,0.6939
2072,0.7009
2073,0.6572
2074,0.704
2075,0.7271
2076,0.6758
2077,0.6897
2078,0.6697
2079,0.6405
2080,0.6978
2081,0.6835
2082,0.6675
2083,0.7435
2084,0.724
2085,0.7387
2086,0.753
2087,0.727
2088,0.6153
2089,0.7428
2090,0.675
2091,0.7056
2092,0.6952
2093,0.6746
2094,0.7171
2095,0.666
2096,0.6773
2097,0.7165
2098,0.7086
2099,0.7033
2100,0.6017
2101,0.6629
2102,0.6565
2103,0.6437
2104,0.6821
2105,0.652
2106,0.6745
2107,0.6561
2108,0.6801
2109,0.7695
2110,0.6906
2111,0.6555
2112,0.6905
2113,0.6855
2114,0.6608
2115,0.7018
2116,0.707
2117,0.6755
2118,0.6903
2119,0.7317
2120,0.6973
2121,0.6431
2122,0.7108
2123,0.4933
2124,0.6996
2125,0.6675
2126,0.6844
2127,0.667
2128,0.6635
2129,0.694
2130,0.6254
2131,0.6985
2132,0.5557
2133,0.6795
2134,0.6862
2135,0.6824
2136,0.7554
2137,0.6876
2138,0.6876
2139,0.6754
2140,0.6594
2141,0.661
2142,0.642
2143,0.7246
2144,0.6469
2145,0.6352
2146,0.6799
2147,0.6783
2148,0.6819
2149,0.7028
2150,0.6744
2151,0.6724
2152,0.7685
2153,0.6562
2154,0.6981
2155,0.6457
2156,0.627
2157,0.6916
2158,0.6553
2159,0.6795
2160,0.6328
2161,0.7054
2162,0.6678
2163,0.6672
2164,0.7389
2165,0.667
2166,0.6507
2167,0.6179
2168,0.6808
2169,0.6803
2170,0.7105
2171,0.7139
2172,0.6892
2173,0.6551
2174,0.7169
2175,0.6432
2176,0.6277
2177,0.6323
2178,0.6488
2179,0.6822
2180,0.6706
2181,0.6763
2182,0.6508
2183,0.7289
2184,0.6762
2185,0.6503
2186,0.693
2187,0.7116
2188,0.6724
2189,0.6542
2190,0.7226
2191,0.6789
2192,0.6413
2193,0.7285
2194,0.6824
2195,0.6713
2196,0.6709
2197,0.6527
2198,0.6972
2199,0.6605
2200,0.6887
2201,0.6832
2202,0.6716
2203,0.659
2204,0.7782
2205,0.6536
2206,0.6571
2207,0.664
2208,0.6403
2209,0.6574
2210,0.6594
2211,0.698
2212,0.6198
2213,0.6285
2214,0.6744
2215,0.6548
2216,0.6574
2217,0.6637
2218,0.6973
2219,0.6825
2220,0.6756
2221,0.7274
2222,0.6667
2223,0.6786
2224,0.6798
2225,0.6933
2226,0.6982
2227,0.685
2228,0.7209
2229,0.7075
2230,0.6943
2231,0.6657
2232,0.6759
2233,0.6686
2234,0.6805
2235,0.6328
2236,0.668
2237,0.7289
2238,0.7073
2239,0.6585
2240,0.714
2241,0.7809
2242,0.6885
2243,0.7053
2244,0.6639
2245,0.6651
2246,0.7094
2247,0.7335
2248,0.6118
2249,0.6385
2250,0.681
2251,0.6652
2252,0.6183
2253,0.6855
2254,0.6523
2255,0.6598
2256,0.7352
2257,0.598
2258,0.7187
2259,0.7289
2260,0.6652
2261,0.6472
2262,0.6877
2263,0.8102
2264,0.6442
2265,0.6996
2266,0.6851
2267,0.6924
2268,0.6207
2269,0.7341
2270,0.6098
2271,0.6558
2272,0.6574
2273,0.6789
2274,0.5891
2275,0.6711
2276,0.7279
2277,0.7338
2278,0.6184
2279,0.716
2280,0.6666
2281,0.635
2282,0.6254
2283,0.7127
2284,0.7023
2285,0.7475
2286,0.7252
2287,0.6876
2288,0.6658
2289,0.6306
2290,0.5983
2291,0.6597
2292,0.675
2293,0.7039
2294,0.6064
2295,0.6255
2296,0.7322
2297,0.7263
2298,0.6483
2299,0.6184
2300,0.6813
2301,0.6495
2302,0.6405
2303,0.6207
2304,0.7274
2305,0.6883
2306,0.6958
2307,0.6466
2308,0.607
2309,0.6633
2310,0.7226
2311,0.6854
2312,0.6861
2313,0.6651
2314,0.7393
2315,0.7242
2316,0.6296
2317,0.6744
2318,0.7081
2319,0.6262
2320,0.6785
2321,0.688
2322,0.6816
2323,0.7987
2324,0.6468
2325,0.6955
2326,0.7016
2327,0.6283
2328,0.6186
2329,0.6939
2330,0.6569
2331,0.5972
2332,0.679
2333,0.6755
2334,0.7008
2335,0.6864
2336,0.613
2337,0.6656
2338,0.6959
2339,0.6318
2340,0.6672
2341,0.7388
2342,0.6778
2343,0.6768
2344,0.6884
2345,0.7022
2346,0.6885
2347,0.6405
2348,0.6438
2349,0.6483
2350,0.6532
2351,0.7129
2352,0.6986
2353,0.7347
2354,0.6511
2355,0.675
2356,0.7298
2357,0.6604
2358,0.6847
2359,0.6778
2360,0.6521
2361,0.6926
2362,0.6131
2363,0.6601
2364,0.687
2365,0.7255
2366,0.5992
2367,0.6282
2368,0.6862
2369,0.684
2370,0.7518
2371,0.7261
2372,0.7231
2373,0.6957
2374,0.6449
2375,0.6872
2376,0.6415
2377,0.6225
2378,0.7234
2379,0.6778
2380,0.6146
2381,0.6668
2382,0.6906
2383,0.6589
2384,0.6621
2385,0.6475
2386,0.6276
2387,0.6888
2388,0.6316
2389,0.7221
2390,0.6658
2391,0.6823
2392,0.6386
2393,0.7343
2394,0.6376
2395,0.6441
2396,0.6677
2397,0.7089
2398,0.6799
2399,0.7467
2400,0.6916
2401,0.7384
2402,0.5751
2403,0.6787
2404,0.7096
2405,0.659
2406,0.7192
2407,0.6482
2408,0.7084
2409,0.7089
2410,0.6142
2411,0.7312
2412,0.6654
2413,0.6584
2414,0.6918
2415,0.67
2416,0.6721
2417,0.7347
2418,0.67
2419,0.7227
2420,0.672
2421,0.623
2422,0.6736
2423,0.6549
2424,0.6882
2425,0.6962
2426,0.669
2427,0.669
2428,0.736
2429,0.7043
2430,0.6659
2431,0.6233
2432,0.6973
2433,0.6565
2434,0.6797
2435,0.6947
2436,0.6981
2437,0.6561
2438,0.7128
2439,0.618
2440,0.7509
2441,0.668
2442,0.7156
2443,0.6151
2444,0.6423
2445,0.7397
2446,0.5984
2447,0.6787
2448,0.6805
2449,0.7226
2450,0.6175
2451,0.7189
2452,0.6819
2453,0.6369
2454,0.6929
2455,0.7032
2456,0.7094
2457,0.6721
2458,0.6464
2459,0.6645
2460,0.7284
2461,0.6344
2462,0.6483
2463,0.6786
2464,0.6629
2465,0.7272
2466,0.6332
2467,0.6327
2468,0.5676
2469,0.6996
2470,0.7138
2471,0.614
2472,0.7085
2473,0.5863
2474,0.6462
2475,0.6879
2476,0.7223
2477,0.6995
2478,0.683
2479,0.6689
2480,0.6645
2481,0.6387
2482,0.7489
2483,0.6138
2484,0.7078
2485,0.6804
2486,0.6214
2487,0.7164
2488,0.6753
2489,0.6946
2490,0.6811
2491,0.6986
2492,0.5799
2493,0.6619
2494,0.6609
2495,0.7598
2496,0.5851
2497,0.6572
2498,0.7221
2499,0.6882
2500,0.6854
2501,0.7163
2502,0.6604
2503,0.7397
2504,0.7039
2505,0.6465
2506,0.6767
2507,0.638
2508,0.666
2509,0.6263
2510,0.7048
2511,0.6676
2512,0.7026
2513,0.6392
2514,0.7023
2515,0.7145
2516,0.647
2517,0.7166
2518,0.6139
2519,0.6956
2520,0.6859
2521,0.6616
2522,0.6724
2523,0.6833
2524,0.7372
2525,0.6539
2526,0.6758
2527,0.6576
2528,0.6793
2529,0.6917
2530,0.6976
2531,0.7246
2532,0.6962
2533,0.6358
2534,0.7074
2535,0.6697
2536,0.5814
2537,0.6279
2538,0.7082
2539,0.6491
2540,0.7085
2541,0.7323
2542,0.5823
2543,0.7187
2544,0.6521
2545,0.618
2546,0.6449
2547,0.6312
2548,0.6705
2549,0.6491
2550,0.705
2551,0.7226
2552,0.6925
2553,0.6805
2554,0.6743
2555,0.6917
2556,0.6937
2557,0.6258
2558,0.6248
2559,0.7037
2560,0.6491
2561,0.6706
2562,0.6685
2563,0.6953
2564,0.7017
2565,0.7183
2566,0.6904
2567,0.6404
2568,0.7147
2569,0.671
2570,0.6737
2571,0.6958
2572,0.6496
2573,0.6457
2574,0.6759
2575,0.6662
2576,0.6594
2577,0.674
2578,0.6449
2579,0.7056
2580,0.6711
2581,0.7108
2582,0.7468
2583,0.7121
2584,0.6912
2585,0.6954
2586,0.6654
2587,0.6795
2588,0.6706
2589,0.6984
2590,0.7108
2591,0.6439
2592,0.6286
2593,0.643
2594,0.6293
2595,0.6813
2596,0.6582
2597,0.6732
2598,0.6093
2599,0.665
2600,0.6791
